<?xml version="1.0"?>
<opencv_storage>
<Descriptor_of_images type_id="opencv-matrix">
  <rows>6</rows>
  <cols>540</cols>
  <dt>f</dt>
  <data>
    2.74398346e-002 0. 0. 0. 1.40196845e-001 0. 0. 0. 2.74398346e-002 0.
    0. 0. 0. 6.42804027e-001 0. 0. 0. 0. 9.94143039e-002 0. 0. 0.
    3.55332196e-001 0. 0. 0. 9.94143039e-002 0. 0. 0. 0. 6.42804027e-001
    0. 0. 0. 0. 7.17106164e-002 0. 0. 0. 2.22705394e-001 0. 0. 0.
    7.17106164e-002 0. 0. 0. 0. 5.02537370e-001 0. 0. 0. 0.
    3.35386306e-001 8.19795951e-003 2.45313253e-002 0. 2.09787950e-001
    0. 0. 0. 3.35386306e-001 2.52569050e-001 5.73857166e-002
    1.71719283e-001 0. 5.02537370e-001 0. 0. 0. 2.52569050e-001
    3.56455356e-001 4.14142432e-003 1.23926727e-002 0. 1.70859452e-002
    0. 0. 0. 3.56455356e-001 3.62542599e-001 2.89899688e-002
    8.67487118e-002 0. 5.81297390e-002 0. 0. 0. 3.62542599e-001
    3.19473714e-001 5.91631979e-004 1.77038170e-003 0. 0. 0. 0. 0.
    3.19473714e-001 3.62542599e-001 4.14142432e-003 1.23926727e-002 0.
    0. 0. 0. 0. 3.62542599e-001 3.33375260e-002 0. 0. 0. 0. 0. 0. 0.
    3.33375260e-002 3.34396996e-002 0. 0. 0. 0. 0. 0. 0. 3.34396996e-002
    3.96713018e-001 0. 1.98796153e-001 6.78369179e-002 8.77885744e-002
    0. 0. 3.96713018e-001 3.96713018e-001 3.96713018e-001 0. 0.
    4.70774509e-002 5.66595457e-002 0. 0. 3.83948207e-001
    3.96713018e-001 9.31499898e-002 8.85514021e-002 3.30771059e-002
    5.21765277e-003 1.14700105e-002 0. 0. 1.15648627e-001
    1.63083524e-001 1.97570562e-001 9.31669474e-002 9.00021866e-002
    4.02109511e-003 1.99560286e-003 0. 0. 1.30639657e-001
    2.19762579e-001 2.78461099e-001 2.78461099e-001 6.65034354e-002
    2.78461099e-001 2.12918401e-001 2.31111437e-001 8.21305439e-003
    1.45725727e-001 2.78461099e-001 2.78461099e-001 2.78461099e-001
    1.51350126e-001 3.66158299e-002 5.02685197e-002 2.26427451e-001
    1.18119521e-002 2.69885004e-001 2.78461099e-001 2.52598256e-001
    1.62819028e-001 7.11582676e-002 2.52598256e-001 2.43413717e-001
    2.52598256e-001 2.67477222e-002 4.92165796e-002 7.62713403e-002
    2.52598256e-001 1.68067753e-001 3.50736044e-002 4.55784276e-002
    6.45398051e-002 2.52598256e-001 6.23501986e-002 1.60412267e-001
    1.78878114e-001 1.40808329e-001 5.76812401e-002 6.31987453e-002
    2.52598256e-001 2.52598256e-001 2.04942688e-001 1.41965762e-001
    2.37285905e-002 6.20405488e-002 2.52598256e-001 1.07235290e-001
    3.27680595e-002 6.64855093e-002 1.95898667e-001 2.20029414e-001
    1.90873772e-001 1.26232699e-001 2.00116605e-001 5.05292565e-002
    4.62150611e-002 6.45586923e-002 1.71989784e-001 3.01137865e-001
    1.01445347e-001 1.85665011e-001 2.27174610e-002 1.17011741e-001
    1.08413257e-001 3.78237292e-002 4.37633172e-002 1.39572650e-001
    3.01137865e-001 2.78266311e-001 1.19636096e-001 5.46569675e-002
    2.57516652e-001 2.63210069e-002 3.48288938e-002 8.93549994e-002
    3.01137865e-001 3.01137865e-001 1.38514146e-001 4.84248549e-002
    6.70355260e-002 7.47808740e-002 3.00727896e-002 1.99792031e-002
    1.06777139e-001 3.01137865e-001 3.01137865e-001 3.01137865e-001
    1.49246808e-002 3.59292962e-002 1.15941584e-001 1.50278751e-002
    5.37279956e-002 7.44474381e-002 1.66048676e-001 2.88728833e-001
    1.51362538e-001 1.57592967e-002 5.68395182e-002 4.27184440e-002
    2.63564289e-002 4.88607772e-002 1.03032321e-001 2.88728833e-001
    2.88728833e-001 2.88728833e-001 7.30831400e-002 2.81626694e-002
    4.98107560e-002 9.34762284e-002 8.89403969e-002 8.66684839e-002
    1.39621526e-001 2.88728833e-001 1.04336113e-001 8.22031423e-002
    1.77814856e-001 1.53072819e-001 1.22022770e-001 1.25872225e-001
    9.83266309e-002 2.88728833e-001 2.88728833e-001 2.88728833e-001
    1.33803323e-001 1.51261151e-001 2.14275375e-001 1.05092004e-001
    1.30479693e-001 7.80531839e-002 9.60931182e-002 3.00544590e-001
    3.37168388e-002 4.57997099e-002 6.77909032e-002 7.98127875e-002
    1.75398856e-001 1.99211940e-001 1.08644046e-001 1.73529983e-001
    8.46847296e-002 1.65675014e-001 2.29389016e-002 6.51666149e-002
    1.23041086e-001 3.00544590e-001 3.00544590e-001 2.06051394e-001
    1.13371767e-001 3.00544590e-001 1.36406794e-001 1.91243161e-002
    2.75559723e-002 1.25497580e-001 3.00544590e-001 3.00544590e-001
    1.87600821e-001 1.48603186e-001 2.85439827e-002 9.03753415e-002
    9.00567174e-002 1.40890643e-001 2.13375643e-001 2.48066068e-001
    2.48066068e-001 2.28509724e-001 8.75245631e-002 2.36517325e-001
    9.89857092e-002 6.49663061e-002 2.16391515e-002 4.47657295e-002
    2.48066068e-001 2.48066068e-001 1.24680609e-001 6.56220615e-002
    1.33057376e-002 3.35251652e-002 1.57760009e-001 2.36998111e-001
    2.16252789e-001 2.04864070e-001 2.48066068e-001 2.23201171e-001
    1.15825839e-001 9.65584591e-002 4.84612472e-002 8.43048543e-002
    1.16078900e-002 1.48156360e-001 2.48066068e-001 1.83877081e-001
    1.35462165e-001 1.08648024e-001 2.09572315e-001 1.15706269e-002
    9.51271504e-002 1.49478421e-001 2.48066068e-001 1.20475724e-001
    4.82447408e-002 1.13495946e-001 3.55830379e-002 9.61316824e-002
    1.53199658e-002 1.38725918e-002 4.88528656e-003 2.36544982e-001
    1.90529257e-001 1.32931322e-001 1.74729899e-001 1.41541645e-001
    2.59482056e-001 1.10589368e-002 1.60412863e-002 2.34626569e-002
    2.65995085e-001 1.32925704e-001 8.82041007e-002 2.78799683e-001
    8.34100842e-002 2.78799683e-001 5.34548610e-002 6.61226287e-002
    8.06194320e-002 2.78799683e-001 1.10479586e-001 2.78799683e-001
    2.13511214e-001 1.90623567e-001 2.78799683e-001 6.89097494e-002
    1.18616790e-001 1.77673697e-001 2.78799683e-001 1.13750845e-001
    7.56108984e-002 1.35217667e-001 7.96912983e-002 2.72838116e-001
    2.14598756e-002 1.73659623e-001 2.72838116e-001 1.96548715e-001
    1.16048031e-001 2.72838116e-001 1.60882458e-001 1.23538144e-001
    2.72838116e-001 2.77882759e-002 7.69025683e-002 2.37745017e-001
    2.70560980e-001 1.27740532e-001 4.47731391e-002 2.41803117e-002
    1.13844704e-002 1.29088923e-001 0. 1.19174398e-001 2.72838116e-001
    1.25976428e-001 2.00452238e-001 2.72838116e-001 1.69262171e-001
    1.73791125e-002 1.80914029e-001 0. 3.04754190e-002 1.91572085e-001
    2.04452068e-001 3.63897532e-001 4.55732159e-002 4.47571352e-002 0.
    1.68958958e-002 0. 6.46006539e-002 3.63897532e-001 3.63897532e-001
    3.63897532e-001 3.19012523e-001 3.13299924e-001 0. 8.04689992e-003
    0. 3.87603939e-002 2.85751909e-001 3.63897532e-001 7.55051076e-002
    0. 0. 0. 3.88800241e-002 0. 0. 0. 7.55051076e-002 1.06909953e-001 0.
    0. 0. 8.24498460e-002 0. 0. 0. 1.06909953e-001 1.25583321e-001 0. 0.
    0. 2.64262050e-001 0. 0. 0. 1.25583321e-001 9.78486240e-002 0. 0. 0.
    6.03699148e-001 0. 0. 0. 9.78486240e-002 1.15824156e-001 0. 0. 0.
    3.43090326e-001 0. 0. 0. 1.15824156e-001 0. 0. 0. 0. 6.03699148e-001
    0. 0. 0. 0. 8.96731243e-002 0. 0. 0. 2.67670661e-001 0. 0. 0.
    8.96731243e-002 0. 0. 0. 0. 6.15352333e-001 0. 0. 0. 0.
    1.01599015e-001 0. 0. 0. 3.58000159e-001 0. 0. 0. 1.01599015e-001 0.
    0. 0. 0. 6.15352333e-001 0. 0. 0. 0. 0. 0. 0. 0. 0. 0. 0. 0. 0. 0.
    0. 0. 0. 0. 0. 0. 0. 0. 0. 0. 0. 0. 0. 0. 0. 0. 0. 0. 0. 0. 0. 0. 0.
    0. 0. 0. 0. 0. 0. 0. 0. 0. 0. 0. 0. 0. 0. 0. 0. 0. 0. 0. 0. 0. 0. 0.
    0. 0. 0. 0. 0. 0. 0. 0. 0. 0. 0. 0. 0. 0. 0. 0. 0. 0. 0. 0. 0. 0. 0.
    0. 0. 0. 0. 0. 0. 0. 0. 0. 0. 0. 0. 0. 0. 0. 0. 0. 0. 0. 0. 0. 0. 0.
    0. 0. 0. 0. 0. 0. 0. 0. 0. 0. 0. 0. 0. 0. 0. 0. 0. 0. 0. 0. 0. 0. 0.
    0. 7.04609752e-001 0. 0. 0. 0. 0. 0. 0. 7.04609752e-001
    2.87581445e-003 0. 0. 0. 0. 0. 0. 0. 2.87581445e-003 1.08640857e-001
    0. 0. 8.20096489e-003 2.94219069e-002 0. 1.07809477e-001
    2.49229774e-001 1.11137129e-001 1.14869718e-002 0. 0. 0.
    1.43749118e-002 0. 4.34717461e-002 4.33318838e-002 1.45751238e-002
    2.03270376e-001 0. 0. 5.74067496e-002 3.09287190e-001
    1.06654413e-001 3.88690740e-001 3.88690740e-001 1.81180865e-001
    2.93249905e-001 0. 0. 0. 1.00624390e-001 2.95138471e-002
