<?xml version="1.0"?>
<opencv_storage>
<Descriptor_of_images type_id="opencv-matrix">
  <rows>5</rows>
  <cols>540</cols>
  <dt>f</dt>
  <data>
    0. 0. 0. 0. 1.67236611e-001 0. 0. 0. 0. 2.05383897e-001 0. 0. 0.
    4.95682865e-001 1.27457231e-001 0. 0. 2.05383897e-001 0. 0. 0. 0.
    2.38902643e-001 0. 0. 0. 0. 1.07748523e-001 4.02371027e-002
    3.12331825e-001 2.60205399e-002 4.95682865e-001 4.41504836e-001 0.
    0. 1.07748523e-001 0. 0. 0. 0. 1.29421741e-001 0. 0. 0. 0.
    3.28734405e-002 2.55578738e-002 1.98387504e-001 8.11143070e-002
    3.98374051e-001 8.23630467e-002 1.68045178e-001 1.29467603e-002
    3.28734405e-002 1.91950053e-001 0. 0. 0. 2.07523093e-001 0. 0.
    2.35507768e-002 3.27091813e-001 1.71110764e-001 3.65112512e-003
    2.83410735e-002 3.34352106e-001 3.98374051e-001 9.66951549e-002
    2.80075282e-001 6.08292259e-002 3.96347016e-001 9.74789262e-002
    5.09355916e-003 1.39080569e-001 1.30104050e-001 1.04286291e-001
    1.35194017e-002 9.50149819e-002 2.69654747e-002 1.86097756e-001
    6.85042366e-002 3.05613549e-003 8.29633549e-002 6.96701631e-002
    2.74768084e-001 1.53966814e-001 1.88959047e-001 5.61758317e-002
    2.16202304e-001 1.35084197e-001 1.95956454e-002 2.74768084e-001
    2.74768084e-001 2.74768084e-001 3.41584645e-002 2.74768084e-001
    1.13261387e-001 1.10604405e-001 8.00393447e-002 3.82018946e-002
    2.16280401e-001 1.19448185e-001 2.74768084e-001 2.74768084e-001
    2.74768084e-001 1.83257520e-001 1.37573451e-001 2.38584518e-001
    3.07441428e-002 1.84196711e-001 2.19152391e-001 2.38584518e-001
    3.22898179e-002 1.47350505e-001 7.70577788e-002 8.93689543e-002
    1.72960445e-001 1.03315793e-001 2.29041889e-001 6.78834543e-002
    2.38584518e-001 1.17311366e-001 2.38584518e-001 7.65223354e-002
    6.49349689e-002 2.04236001e-001 3.71734612e-002 2.34789550e-001
    1.59137934e-001 2.38584518e-001 1.64638534e-001 2.25654170e-001
    1.95467174e-002 1.32562801e-001 1.95283383e-001 9.36501473e-002
    2.26700410e-001 2.23999351e-001 2.38584518e-001 1.24775603e-001
    1.50124595e-001 1.17280306e-002 9.36089903e-002 1.42096400e-001
    4.68801670e-002 2.05673531e-001 1.40840128e-001 3.28852981e-001
    1.52922988e-001 1.18106760e-001 2.10773735e-003 3.54833193e-002
    9.33097228e-002 3.35363038e-002 6.42914101e-002 2.67056227e-001
    3.28852981e-001 1.57340497e-001 7.08640665e-002 1.26464246e-003
    2.83555053e-002 2.38741636e-001 1.67267859e-001 1.98175296e-001
    1.40751824e-001 3.28852981e-001 2.34933227e-001 4.28949706e-002
    1.26488293e-002 4.13340740e-002 1.32169977e-001 1.29859492e-001
    1.71594784e-001 1.44470587e-001 3.28852981e-001 1.76593125e-001
    5.84617816e-002 2.72416379e-002 4.67805564e-002 1.08260326e-001
    1.79231271e-001 1.12617217e-001 7.78756067e-002 2.51996487e-001
    1.84686720e-001 1.62674814e-001 4.93936799e-002 7.08749592e-002
    2.25102171e-001 1.39964402e-001 7.72085935e-002 4.35296446e-002
    2.04246089e-001 7.79137909e-002 1.23924658e-001 5.29527813e-002
    1.07904650e-001 1.29028067e-001 1.96333855e-001 1.24615461e-001
    1.13215856e-001 1.88903570e-001 1.32257521e-001 2.51996487e-001
    2.28109971e-001 2.51996487e-001 2.51996487e-001 2.00863793e-001
    5.16030006e-002 5.14193214e-002 1.79117948e-001 2.37853289e-001
    2.51996487e-001 1.07337281e-001 2.43003041e-001 4.88686748e-002
    9.10442621e-002 2.12632447e-001 1.96214676e-001 1.06784604e-001
    7.41258711e-002 1.38893634e-001 1.61990061e-001 2.44292378e-001
    1.43769369e-001 1.51865810e-001 1.47428244e-001 9.30889770e-002
    8.24099705e-002 2.44292378e-001 2.07538903e-001 8.83164033e-002
    1.41514346e-001 9.24497619e-002 1.40911177e-001 1.94524676e-001
    2.44292378e-001 2.44292378e-001 6.19119667e-002 3.02956346e-002
    9.72621813e-002 2.44292378e-001 1.19034693e-001 2.44292378e-001
    1.53656006e-001 6.54933900e-002 2.41013274e-001 2.44292378e-001
    1.61915243e-001 6.82577118e-002 2.44292378e-001 1.63462833e-001
    7.64542595e-002 1.65856108e-002 1.94036514e-001 2.79478997e-001
    6.59904703e-002 3.58409947e-003 1.96545217e-002 1.39106140e-001
    1.66329682e-001 2.50302285e-001 2.22903956e-002 1.40975034e-002
    2.73655921e-001 2.79478997e-001 4.55618650e-002 1.31561849e-002
    1.28287777e-001 2.79478997e-001 2.51919329e-002 1.31873030e-003
    1.92657188e-001 2.79478997e-001 6.79522455e-002 4.84021381e-002
    6.19201688e-003 2.49553442e-001 1.89832926e-001 1.50784165e-001
    3.55619825e-002 2.47065611e-002 2.79478997e-001 2.79478997e-001
    5.97467273e-002 0. 2.79478997e-001 2.12138057e-001 1.60833669e-003
    1.34054141e-003 6.26314953e-002 2.99174428e-001 8.12264755e-002
    2.78376769e-002 4.22848389e-003 1.84572428e-001 1.63716763e-001
    1.28959073e-002 8.23605340e-003 1.66407097e-002 3.07051748e-001
    1.24798380e-001 3.00448313e-002 0. 3.07051748e-001 2.66815037e-001
    1.35958254e-001 1.10537529e-001 2.85472721e-002 3.07051748e-001
    1.54193029e-001 2.88419370e-002 6.04069151e-004 2.30808362e-001
    2.41058514e-001 1.12778023e-001 1.87925130e-001 1.16124317e-001
    3.07051748e-001 1.34873435e-001 1.47690047e-002 0. 2.78385431e-001
    1.01569235e-001 2.35527918e-001 1.71534374e-001 8.18797573e-003
    2.13808760e-001 9.35292244e-002 5.33942208e-002 0. 1.13369770e-001
    2.36999616e-001 2.43188426e-001 2.43188426e-001 8.73976350e-002
    2.43188426e-001 3.87099944e-002 8.73746630e-003 0. 2.33932003e-001
    8.32413658e-002 2.21750647e-001 1.12011068e-001 8.29659998e-002
    2.43188426e-001 2.43188426e-001 7.54848868e-002 5.76970913e-002
    8.33011046e-002 2.43188426e-001 2.43188426e-001 2.43188426e-001
    1.35640264e-001 2.43188426e-001 1.93430930e-001 3.13114934e-002
    6.17344864e-002 1.66276515e-001 4.29293513e-002 8.47153515e-002
    2.05366723e-002 9.92515162e-002 2.57587999e-001 1.92385718e-001
    7.26759732e-002 1.71585634e-001 5.53641319e-002 8.10048059e-002
    1.54468819e-001 1.10937566e-001 2.32375026e-001 2.57587999e-001
    1.49555057e-001 4.36055847e-002 1.83679074e-001 9.36878622e-002
    1.10094801e-001 2.57587999e-001 9.16440189e-002 8.11559856e-002
    2.57587999e-001 1.53785139e-001 1.16775714e-001 1.47908419e-001
    1.67912140e-001 1.50460616e-001 2.57587999e-001 2.57587999e-001
    2.57587999e-001 2.57587999e-001 2.31211241e-002 2.43121199e-002
    1.12406835e-001 2.41134092e-001 7.66799897e-002 2.24094614e-001
    1.16974674e-001 4.62566651e-002 1.45028129e-001 1.23834930e-001
    1.85214132e-001 3.19672711e-002 1.31930321e-001 7.16696531e-002
    2.78204173e-001 2.90319800e-001 1.06645577e-001 2.90319800e-001
    8.14490393e-003 1.36000998e-002 3.42534331e-004 1.12210728e-001
    6.44770339e-002 9.56430882e-002 1.28466204e-001 5.94966821e-002
    2.90319800e-001 2.90319800e-001 2.87738383e-001 4.52294201e-003
    9.06776786e-002 5.19415736e-002 2.55875885e-001 2.90319800e-001
    1.37669563e-001 2.90319800e-001 5.56714945e-002 6.79194406e-002 0.
    6.62884712e-002 1.63325235e-001 6.73808753e-002 1.60975635e-001
    5.34093864e-002 2.78905571e-001 2.78905571e-001 2.78905571e-001 0.
    7.91337416e-002 1.95363864e-001 1.55903473e-001 2.78905571e-001
    2.06056371e-001 2.78905571e-001 7.41335228e-002 1.80632532e-001 0.
    5.57734631e-002 2.74826050e-001 4.21233624e-002 8.15489516e-002
    8.65557976e-003 1.21799484e-001 7.49424398e-002 2.27185056e-001 0.
    1.36500478e-001 2.78905571e-001 7.02056065e-002 1.61482871e-001
    1.11754797e-001 2.78905571e-001 6.13135435e-002 1.01134755e-001 0.
    8.98716599e-002 1.92518398e-001 6.88363751e-003 0. 0.
    1.25487670e-001 0. 0. 0. 1.09712712e-001 4.12438780e-001
    1.24764584e-001 1.73936207e-002 1.33222073e-001 4.12438780e-001
    1.95185572e-001 0. 0. 9.12457556e-002 0. 0. 0. 0. 2.24324808e-001 0.
    0. 0. 0. 3.62723887e-001 1.88819751e-001 0. 4.01212685e-002
    4.12438780e-001 1.59032315e-001 0. 1.92035735e-001 2.43528128e-001
    0. 0. 0. 0. 2.20179170e-001 0. 0. 0. 0. 2.00489625e-001
    4.33244184e-002 0. 0. 4.26792055e-001 8.35023001e-002 0.
